a = [3 8 5 5 2 7 2 5];

f = [0.4 0.6 0.2 1 0.4 0.1 0.9 0.6];

d = [2 0.5 4 3 4 5 7 4];

p = [15 20 5 7 3 5 5];

c = [100 100 100 100 100 100 100 100];

c_init = [50 50 50 0 0 0 0 0];